9.3773 3.3763 0
9.0805 3.5641 0
8.1915 3.2 0
9.7192 2.78 0
9.44 2.9474 0
9.8111 2.4247 0
9.3655 2.6143 0
9.1631 2.7442 0
8.1921 2.9315 0
9.0701 2.4109 0
8.3239 2.3398 0
9.9185 2.116 0
8.9264 2.1174 0
8.5082 2.1212 0
8.1044 3.2222 0
7.4459 3.2192 0
6.9927 3.2278 0
8.102 2.9315 0
7.5504 2.9765 0
8.102 2.4399 0
7.4995 2.4723 0
6.8049 2.9768 0
6.6509 2.9002 0
6.9441 2.526 0
6.2807 2.2187 0
5.8706 3.2199 0
5.2125 3.1955 0
4.9351 3.2282 0
4.4313 3.2169 0
5.8678 2.929 0
5.3436 2.9164 0
5.9308 2.4134 0
5.357 2.444 0
5.0043 3.1235 0
4.4107 2.9711 0
5.0727 2.2193 0
4.3957 2.3976 0
8.105 2.1112 0
7.3555 2.114 0
6.9907 2.1082 0
6.3327 2.1154 0
5.9165 2.1201 0
5.2477 2.1491 0
4.9375 2.1006 0
4.384 1.9632 0
4.3425 1.6052 0
3.787 3.2173 0
3.3444 3.216 0
2.3815 3.2199 0
3.788 2.9315 0
3.3058 3.1073 0
3.788 2.4399 0
3.0249 2.9189 0
2.3492 2.9446 0
2.9465 2.4399 0
2.3514 2.4172 0
1.8836 3.2277 0
1.5992 3.2176 0
0.8642 3.2181 0
0.39994 3.2283 0
2.0039 3.1211 0
1.417 2.9506 0
2.0921 2.2332 0
1.3884 2.4227 0
0.85123 2.9441 0
0.48446 3.1279 0
0.86957 2.4399 0
3.788 2.1189 0
2.9465 1.9323 0
2.3755 1.9348 0
2.9463 1.6054 0
2.3776 1.6054 0
1.9016 2.1038 0
1.5704 2.1245 0
0.8678 2.1169 0
0.12746 3.2168 0
-0.75715 3.2095 0
-1.0622 3.2304 0
-1.6391 3.2118 0
0.0088411 2.9487 0
-0.57568 2.9457 0
-0.034333 2.4399 0
-0.55185 2.4185 0
-1.0983 3.1352 0
-1.5082 2.9453 0
-1.1534 2.2049 0
-1.5155 2.4381 0
-1.912 3.2173 0
-2.81 3.185 0
-3.0791 3.2307 0
-3.3854 3.2148 0
-2.1248 2.9805 0
-2.6372 2.9905 0
-2.2562 2.4399 0
-2.5035 2.371 0
-2.9941 3.1191 0
-3.5845 2.954 0
-2.9231 2.2236 0
-3.6101 2.4172 0
-0.034393 2.1129 0
-0.7306 2.1304 0
-1.0579 2.099 0
-1.3642 2.1411 0
-2.2562 1.9323 0
-2.4439 1.9799 0
-2.2591 1.6041 0
-2.3466 1.6082 0
-3.077 2.0998 0
-3.413 2.1239 0
-4.0551 3.2178 0
-5.0568 3.218 0
-4.1732 3.0844 0
-4.4237 2.8859 0
-4.1591 2.2004 0
-4.4803 2.4236 0
-5.0623 2.9315 0
-5.0916 2.4296 0
-5.7019 2.2334 0
-5.9611 3.2199 0
-6.5104 3.2199 0
-7.2566 3.2129 0
-7.5538 3.2301 0
-5.9653 2.9315 0
-6.5063 2.9315 0
-5.9478 2.4245 0
-6.5063 2.4399 0
-7.0618 2.9525 0
-7.6203 3.1284 0
-7.0302 2.4183 0
-7.7062 2.2133 0
-4.1545 2.1099 0
-4.5004 1.9812 0
-4.475 1.673 0
-5.2031 2.1236 0
-5.5182 2.1045 0
-5.965 2.1131 0
-6.5064 2.113 0
-7.2216 2.1286 0
-7.556 2.0987 0
-7.8343 3.1973 0
-8.7572 3.2111 0
-9.0519 3.2263 0
-9.5526 3.4127 0
-7.9774 2.9271 0
-8.5618 2.9497 0
-7.9975 2.4326 0
-8.521 2.4246 0
-9.1157 3.1224 0
-9.5031 2.9572 0
-9.2223 2.213 0
-9.4979 2.4354 0
-7.8641 2.1505 0
-8.7094 2.1237 0
-9.0637 2.0934 0
-9.3777 2.1481 0
2.2244 -0.296 0
2.704 -0.78167 0
2.4416 -0.56883 0
2.7311 -1.0653 0
2.6172 -1.0653 0
2.704 -1.349 0
2.4428 -1.5599 0
1.9017 -0.25297 0
1.4248 -0.2428 0
1.9815 -0.37432 0
1.4248 -0.3515 0
0.93313 -0.2428 0
0.44144 -0.2428 0
0.93313 -0.3515 0
0.44144 -0.3515 0
2.1156 -1.7357 0
0.29114 -1.2594 0
0.36583 -1.5619 0
2.2446 -2.0514 0
2.208 -2.369 0
2.129 -2.08 0
1.9316 -2.5672 0
1.4497 -2.7484 0
0.30167 -1.8748 0
1.021 -2.7453 0
1.689 -2.831 0
1.3875 -2.8647 0
0.86993 -2.9568 0
0.44924 -3.154 0
-0.066125 -0.2428 0
-0.57362 -0.2428 0
-0.066125 -0.3515 0
-0.57362 -0.3515 0
-1.0653 -0.2428 0
-1.5266 -0.25282 0
-1.0653 -0.3515 0
-1.6036 -0.37257 0
0.083286 -1.259 0
0.007442 -1.5603 0
-1.741 -1.7381 0
-1.8502 -0.2954 0
-2.0707 -0.56403 0
-2.3348 -0.7764 0
-2.244 -1.0653 0
-2.3604 -1.0652 0
-2.0734 -1.5641 0
-2.3348 -1.3542 0
0.061083 -1.8729 0
-0.66235 -2.7472 0
-1.7577 -2.0789 0
-1.0861 -2.7494 0
-1.5584 -2.5716 0
-0.075775 -3.1546 0
-0.50817 -2.9595 0
-1.0306 -2.8653 0
-1.319 -2.831 0
-1.8716 -2.0571 0
-1.8369 -2.3729 0
